%YAML:1.0
---
image_width: 1024
image_height: 768
camera_matrix_1: !!opencv-matrix
   rows: 3
   cols: 3
   dt: d
   data: [835.7212222915197, 0.0, 501.3624232498469, 0.0, 835.9451253044627, 394.5949556688648, 0.0, 0.0, 1.0]
distortion_coefficients_1: !!opencv-matrix
   rows: 1
   cols: 5
   dt: d
   data: [-0.3425421118289614, 0.13122311939163464, 0.0009232134395177597, -0.0004649607778395018, 0.0]
camera_matrix_2: !!opencv-matrix
   rows: 3
   cols: 3
   dt: d
   data:  [839.9026169686956, 0.0, 484.40958078694416, 0.0, 838.4340797678191, 389.6240657515898, 0.0, 0.0, 1.0]
distortion_coefficients_2: !!opencv-matrix
   rows: 1
   cols: 5
   dt: d
   data: [-0.3523366335888732, 0.15218963466994842, -8.902683834341633e-05, 0.00043398548290799795, 0.0]
rotation_matrix: !!opencv-matrix
   rows: 3
   cols: 3
   dt: d
   data: [0.9999935476087708, 0.003366323407216695, -0.0012540364999192584, -0.0033673046111144848, 0.9999940255154618, -0.0007811485377516764, 0.0012513994090904363, 0.0007853662203643812, 0.9999989085991139]
translation_coefficients: !!opencv-matrix
   rows: 3
   cols: 1
   dt: d
   data: [-0.11952998799002584, 0.00010480250413222654, 0.0003883656879277015]
