%YAML:1.0
---
image_width: 1024
image_height: 768
camera_matrix_1: !!opencv-matrix
   rows: 3
   cols: 3
   dt: d
   data: [833.029249273, 0.0, 503.38475908, 0.0, 834.36200043, 394.969563968, 0.0, 0.0, 1.0]
distortion_coefficients_1: !!opencv-matrix
   rows: 1
   cols: 5
   dt: d
   data: [-0.351348570994, 0.149480797792, 0.000305233424184, -0.000750163647335, 0.0]
camera_matrix_2: !!opencv-matrix
   rows: 3
   cols: 3
   dt: d
   data: [838.801936516, 0.0, 487.625364421, 0.0, 838.480016878, 387.634126099, 0.0, 0.0, 1.0]
distortion_coefficients_2: !!opencv-matrix
   rows: 1
   cols: 5
   dt: d
   data: [-0.356833447233, 0.161196429937, 0.000303425633673, -0.000540901163595, 0.0]
rotation_matrix: !!opencv-matrix
   rows: 3
   cols: 3
   dt: d
   data: [0.9999935476087708, 0.003366323407216695, -0.0012540364999192584, -0.003367304611114484, 0.9999940255154618, -0.0007811485377516764, 0.0012513994090904363, 0.0007853662203643812, 0.9999989085991139]
translation_coefficients: !!opencv-matrix
   rows: 3
   cols: 1
   dt: d
   data: [-0.1192447700000000, 0.0001109700000000000, 0.001691040000000000]
