%YAML:1.0
---
image_width: 1280
image_height: 960
# camLeft:
camera_matrix_1: !!opencv-matrix
   rows: 3
   cols: 3
   dt: d
   data: [1636.20761888, 0.0, 651.850565473, 0.0, 1637.33777994, 471.147308853, 0.0, 0.0, 1.0]
distortion_coefficients_1: !!opencv-matrix
   rows: 1
   cols: 5
   dt: d
   data: [-0.594977746871, 0.325393349407, 0.00144401244969, 0.000959205363921, 0.0]
# camRight
camera_matrix_2: !!opencv-matrix
   rows: 3
   cols: 3
   dt: d
   data: [1639.72518101, 0.0, 646.514647735, 0.0, 1640.90202338, 475.276983991, 0.0, 0.0, 1.0]
distortion_coefficients_2: !!opencv-matrix
   rows: 1
   cols: 5
   dt: d
   data: [-0.595106148265, 0.331023501494, 0.00238172923311, -0.000967072920991, 0.0]
# Extrinsic
rotation_matrix: !!opencv-matrix
   rows: 3
   cols: 3
   dt: d
   data: [0.9999949, 0.0029538, 0.0012333, -0.0029615, 0.9999757, 0.0063004, -0.0012147, -0.0063040, 0.9999794]
   #data: [elements of rot matrix from ZYX of -rx -ry -rz]
translation_coefficients: !!opencv-matrix
   rows: 3
   cols: 1
   dt: d
   data: [-0.239663482, -0.00814723521, -0.000567111539]
