%YAML:1.0
---
image_width: 1024
image_height: 768
camera_matrix_1: !!opencv-matrix
   rows: 3
   cols: 3
   dt: d
   data: [836.06946050655949, 0.0, 516.37155418305281, 0.0, 836.14916268708816, 377.29889017486101, 0.0, 0.0, 1.0]
distortion_coefficients_1: !!opencv-matrix
   rows: 1
   cols: 5
   dt: d
   data: [-0.3389695490988, 0.1217553065872, 0.0002936920143, 0.0000878463732, 0.0]
camera_matrix_2: !!opencv-matrix
   rows: 3
   cols: 3
   dt: d
   data:  [832.27804742153376, 0.0, 507.37637964982628, 0.0, 832.56239966940871, 380.63748343529795, 0.0, 0.0, 1.0]
distortion_coefficients_2: !!opencv-matrix
   rows: 1
   cols: 5
   dt: d
   data: [-0.33914092102560, 0.12092692896553, 0.00062442626516, -0.00038293414690, 0.0]
rotation_matrix: !!opencv-matrix
   rows: 3
   cols: 3
   dt: d
   data: [0.999976150224179, 0.000787862751751522, 0.0068613595674934, -0.000762253843599284, 0.999992737509138, -0.00373415292369703, -0.00686425173693017, 0.00372883376728428, 0.999969488457937]
translation_coefficients: !!opencv-matrix
   rows: 3
   cols: 1
   dt: d
   data: [-0.12001886209277160, 0.00025901217247349007, 0.00034917543917589172]
